ИМТИҲОН САВОЛЛАРИНИ ИШЛАШДА КЕРАК БЎЛАДИГАН ЎЗГАРУВЧИЛАР

Уларни ўз дастурингизни текшириш ва натижани баҳолаш учун ишлатишингиз мумкин.

#############################
Савол A.

a = [88, 85, 96, 81, 39, 12, 4, 56, 19, 2, 13, 31, 51, 54, 21, 5, 48, 28, 57, 40, 44, 55, 74, 80, 94, 17, 61, 47, 1, 19, 10, 27, 83, 42, 36, 75, 3, 65, 45, 24, 15, 25, 14, 30, 41, 53, 34, 11, 93, 86, 32, 26, 97, 7, 98, 50, 38, 68, 59, 64, 63, 76, 91, 52, 71, 43, 35, 18, 79, 87, 29, 58, 78, 22, 95, 49, 90, 67, 89, 69, 62, 9, 33, 99, 6, 82, 8, 70, 84, 77, 37, 72, 46, 16, 23, 73, 92, 60, 66, 100, 20]
Тушириб қолдирилган сон: 19

a = [22, 70, 2, 69, 77, 61, 74, 51, 49, 72, 41, 14, 23, 12, 83, 60, 33, 15, 18, 37, 3, 30, 1, 59, 96, 20, 31, 8, 99, 29, 100, 34, 72, 25, 47, 35, 97, 40, 55, 90, 82, 21, 76, 36, 80, 16, 56, 50, 71, 89, 52, 46, 91, 84, 92, 79, 73, 58, 24, 98, 28, 43, 53, 7, 44, 10, 11, 54, 88, 86, 13, 64, 81, 78, 27, 68, 32, 63, 57, 66, 42, 48, 67, 39, 17, 87, 6, 9, 45, 19, 95, 26, 38, 94, 62, 4, 5, 65, 75, 93, 85]
Тушириб қолдирилган сон: 72

a = [47, 81, 2, 42, 32, 48, 72, 84, 43, 11, 45, 75, 50, 67, 49, 9, 8, 77, 99, 78, 35, 46, 24, 69, 100, 65, 29, 13, 94, 92, 91, 80, 68, 82, 54, 97, 52, 3, 4, 60, 62, 79, 18, 36, 53, 95, 19, 74, 34, 64, 37, 10, 38, 59, 58, 25, 39, 16, 63, 85, 5, 1, 96, 76, 83, 71, 20, 73, 30, 55, 57, 12, 51, 56, 23, 87, 44, 70, 98, 7, 33, 6, 22, 93, 21, 43, 66, 31, 27, 88, 41, 61, 26, 14, 89, 40, 28, 90, 17, 86, 15]
Тушириб қолдирилган сон: 43

#############################
Савол B.

a = 1347775456
2 GB flash

a = 37757834
1 GB flash

a = 3488827347
4 GB flash

#############################
Cавол C.

a = "123word!"
1

a = "12asd88?"
1

a = "qwerty"
0

#############################
Cавол E.

s = "()"
True

s = "()[]{}"
True

s = "(]"
False

s = "([)]"
False

s = "{[]}"
True

#############################
Cавол F.

a = "11", b = "1"
10

a = "1010", b = "101"
101

